0 0.597222 0.500882 0.154762 0.218695
0 0.458333 0.331570 0.054233 0.148148
0 0.268519 0.320988 0.066138 0.112875
0 0.146164 0.467372 0.120370 0.257496
1 0.257937 0.499118 0.134921 0.222222
1 0.360450 0.492945 0.096561 0.216931
1 0.468254 0.500882 0.074074 0.190476
1 0.390212 0.345679 0.066138 0.119929
1 0.347884 0.343915 0.066138 0.095238
1 0.535053 0.351852 0.067460 0.093474
1 0.596561 0.327160 0.066138 0.097002
1 0.665344 0.323633 0.087302 0.107584
1 0.718915 0.518519 0.173280 0.218695
1 0.845238 0.512346 0.203704 0.192240
1 0.938492 0.513228 0.117725 0.165785
1 0.824735 0.350088 0.144180 0.058201
1 0.907407 0.343915 0.084656 0.074074
1 0.058201 0.487654 0.092593 0.202822