0 0.822751 0.538801 0.158730 0.322751
0 0.894841 0.374780 0.099206 0.146384
0 0.662037 0.358025 0.128307 0.151675
0 0.525132 0.365961 0.092593 0.146384
0 0.457011 0.382716 0.096561 0.102293
0 0.384259 0.370370 0.099206 0.112875
0 0.249339 0.529982 0.115079 0.241623
0 0.045635 0.519400 0.091270 0.202822
1 0.605159 0.573192 0.130952 0.201058
1 0.732143 0.548501 0.167989 0.137566
1 0.529101 0.557319 0.132275 0.148148
1 0.427910 0.566138 0.120370 0.186949
1 0.318783 0.563492 0.124339 0.178131
1 0.944444 0.553792 0.105820 0.169312
1 0.781085 0.398589 0.064815 0.112875
1 0.710979 0.375661 0.064815 0.088183
1 0.583333 0.380952 0.092593 0.112875
1 0.337963 0.373898 0.070106 0.116402
1 0.144180 0.552028 0.161376 0.218695