1 0.181878 0.772487 0.130952 0.299824
1 0.087302 0.772487 0.171958 0.289242
1 0.375661 0.541446 0.084656 0.179894
0 0.345899 0.755732 0.146825 0.347443
0 0.511905 0.744268 0.145503 0.349206
0 0.650794 0.753968 0.201058 0.372134
0 0.821429 0.772487 0.134921 0.296296
0 0.111772 0.455908 0.075397 0.188713
0 0.219577 0.505291 0.074074 0.241623
0 0.296958 0.506173 0.109788 0.222222
0 0.453042 0.518519 0.085979 0.225750
0 0.522487 0.510582 0.079365 0.195767
0 0.605159 0.516755 0.054233 0.211640
0 0.656746 0.513228 0.109788 0.197531
0 0.770503 0.518519 0.130952 0.169312