1 0.394841 0.604938 0.183862 0.229277
1 0.242725 0.636684 0.160053 0.285714
1 0.092593 0.644621 0.158730 0.248677
1 0.104497 0.367725 0.071429 0.121693
1 0.195767 0.347443 0.071429 0.194004
1 0.279101 0.353616 0.124339 0.160494
1 0.376323 0.332451 0.112434 0.185185
1 0.459656 0.326279 0.123016 0.162257
1 0.719577 0.580247 0.206349 0.201058
1 0.871032 0.566138 0.194444 0.211640
1 0.664683 0.347443 0.096561 0.123457
1 0.568783 0.335979 0.063492 0.125220
1 0.721561 0.342152 0.123016 0.141093
1 0.792328 0.346561 0.092593 0.086420
0 0.578704 0.579365 0.157407 0.262787