1 0.515212 0.564374 0.167989 0.232804
1 0.730820 0.343915 0.059524 0.141093
1 0.068122 0.521164 0.070106 0.216931
0 0.340608 0.553792 0.091270 0.299824
0 0.190476 0.529101 0.071429 0.296296
0 0.406085 0.302469 0.105820 0.146384
0 0.328042 0.291005 0.068783 0.130511
0 0.257275 0.286596 0.075397 0.107584
0 0.169312 0.261905 0.121693 0.156966
0 0.668651 0.540564 0.138889 0.273369
0 0.872354 0.580247 0.215608 0.296296
0 0.945767 0.514991 0.108466 0.335097
0 0.658730 0.310406 0.095238 0.144621
0 0.810847 0.304233 0.092593 0.160494
0 0.902778 0.277778 0.101852 0.146384